# 社會服務業自民國87至民國91年的年度用電量（度）
year1 <- 87:91
power1 <- c(6097059332, 6425887925, 6982579022, 7323992602.53436, 7954239517) 
# 製造業自民國87至民國91年的年度用電量（度）
power2 <- c(59090445718, 61981666330, 67378329131, 66127460204.6482, 69696372914.6949) 

# 請選出年度(`year1`)中，社會服務業用電量超過`7e9` 的年份。
# （`7e9`是R 的科學符號，代表`7 * 10^9`）

year1.answer1 <- <請填寫你的程式碼>

# 接著請計算「社會服務業從民國87年到91年的平均用電量」。
power1.mean <- <請填寫你的程式碼>

# 請計算「社會服務業從民國87年到91年用電量的標準差」。
power1.sd <- <請填寫你的程式碼>

# 在統計中，我們會計算一筆數據的「標準分數」，算法為數據減去平均數後除以標準差。
# 請計算出「社會服務業從民國87年到91年用電量的標準分數」。
power1.z <- <請填寫你的程式碼>

# 同樣的道理，請同學算出「製造業自民國87年至民國91年用電量的平均數、標準差和標準分數」。
power2.mean <- <請填寫你的程式碼>
power2.sd <- <請填寫你的程式碼>
power2.z <- <請填寫你的程式碼>

# 最後請根據年度，找出「社會服務業的用電量」超過「製造業用電量的10%」的年份。

year1.answer2 <- <請填寫你的程式碼>
